6.00 1.200 0.700 0.530 0.390 0.340 0.42 0.310 43 1
6.00 1.460 0.990 0.580 0.600 0.300 0.71 0.390 22 1
7.90 2.450 1.290 1.350 0.710 0.780 0.86 0.390 25 2
12.20 3.020 2.230 1.420 0.910 0.610 2.10 0.230 26 4
5.30 1.170 0.630 0.460 0.280 0.360 0.70 0.230 38 1
6.10 1.200 0.910 0.590 0.480 0.200 0.48 0.330 23 1
5.80 1.060 0.570 0.510 0.280 0.400 0.65 0.130 41 1
4.60 2.850 1.270 1.060 0.460 0.020 1.07 0.330 28 3
6.70 2.450 1.620 1.070 0.550 0.780 1.32 0.550 30 2
4.40 3.010 1.750 0.650 0.650 0.030 1.11 0.540 31 3
14.60 3.470 2.930 1.680 1.510 0.510 1.79 0.150 33 4
5.70 1.420 0.730 0.520 0.480 0.400 0.52 0.330 47 1
7.50 1.950 1.170 1.780 0.690 0.470 0.94 0.390 38 2
4.40 3.110 1.500 0.990 0.420 0.050 1.47 0.330 24 3
4.90 2.120 1.460 1.060 0.910 0.050 1.37 0.490 32 3
5.00 1.400 0.910 0.520 0.320 0.280 0.70 0.210 43 1
8.00 2.240 1.510 0.870 0.670 0.400 0.94 0.310 25 2
15.70 2.710 2.130 1.630 1.380 0.500 1.38 0.240 35 4
6.00 1.610 1.190 1.630 0.160 0.360 0.82 0.360 33 2
7.60 2.200 1.390 1.670 0.630 0.400 0.97 0.420 26 2
7.50 1.280 0.790 0.480 0.460 0.290 0.63 0.310 37 1
5.00 2.850 1.300 0.670 0.510 0.040 1.04 0.470 20 3
4.60 3.070 1.530 0.490 0.840 0.040 1.40 0.490 29 3
14.00 3.560 2.020 0.830 1.440 0.640 1.78 0.230 30 4
14.50 2.670 1.840 1.670 1.420 0.340 1.83 0.230 41 4
14.50 3.500 2.120 1.260 1.530 0.620 0.86 0.180 33 4
4.20 3.340 1.130 0.620 0.230 0.020 0.82 0.470 44 3
8.50 2.490 1.790 1.560 1.210 0.250 1.37 0.510 40 2
6.60 2.440 1.510 1.280 0.660 0.560 1.10 0.390 33 2
6.70 2.350 1.560 1.220 0.850 0.750 0.99 0.310 40 2
14.60 3.520 1.940 1.680 1.430 0.700 0.84 0.260 36 4
6.40 2.050 1.550 1.120 0.770 0.790 1.16 0.370 37 2
6.60 1.330 0.670 0.500 0.380 0.290 0.38 0.260 23 1
7.00 1.260 0.710 0.640 0.470 0.250 0.69 0.280 40 1
13.80 2.670 2.080 1.450 0.450 0.800 0.92 0.190 30 4
4.70 2.830 1.270 0.900 0.720 0.190 1.10 0.500 30 3
6.70 2.080 1.480 0.810 0.780 0.720 1.10 0.320 36 2
4.00 2.920 1.750 0.530 0.640 0.080 1.08 0.480 43 3
12.30 3.440 2.340 1.690 1.360 0.620 1.63 0.250 44 4
15.10 3.530 2.210 1.790 1.490 0.530 0.94 0.200 51 4
7.40 1.920 1.400 1.630 0.620 0.780 1.15 0.520 43 2
7.20 2.020 1.410 0.900 0.510 0.900 0.98 0.320 40 2
14.20 3.180 1.760 1.540 1.440 0.514 1.60 0.180 41 4
7.30 2.270 1.230 1.270 0.580 0.240 1.14 0.350 50 2
7.00 2.240 1.640 1.630 0.950 0.210 1.39 0.350 38 2
4.00 2.600 1.750 0.820 0.640 0.020 1.06 0.410 26 3
11.70 3.040 2.430 1.780 0.720 0.620 1.24 0.260 49 4
4.60 3.070 1.430 0.640 0.500 0.070 1.29 0.530 32 3
9.00 2.490 1.910 1.300 0.560 0.470 1.30 0.320 44 2
13.50 2.850 2.020 1.400 0.920 0.640 1.61 0.300 25 4
8.60 1.810 1.430 1.710 0.690 0.720 1.16 0.380 37 2
5.00 1.500 1.010 0.590 0.410 0.380 0.62 0.350 53 1
7.00 2.400 1.580 1.700 0.800 0.260 1.18 0.310 29 2
4.40 3.010 2.050 1.470 0.900 0.030 1.26 0.420 39 3
8.50 2.380 1.550 0.990 0.670 0.240 0.95 0.420 28 2
5.20 0.966 0.740 0.490 0.370 0.280 0.61 0.297 41 1
6.30 2.020 1.430 1.670 0.580 0.450 1.01 0.320 44 2
9.00 2.160 1.190 1.000 0.230 0.280 1.12 0.370 42 2
5.30 1.270 0.850 0.610 0.340 0.280 0.48 0.280 31 1
7.30 2.270 1.400 0.950 0.730 0.310 1.34 0.360 45 2
6.50 1.170 0.796 0.445 0.345 0.222 0.22 0.158 22 1
6.80 2.460 1.600 1.000 0.740 0.700 1.23 0.460 21 2
8.30 2.240 2.140 1.310 1.150 0.410 1.57 0.390 22 2
7.50 2.180 1.520 0.580 0.660 0.410 1.02 0.310 25 2
5.80 0.860 0.590 0.350 0.350 0.300 0.52 0.280 21 1
7.80 2.350 2.190 0.850 0.940 0.420 1.78 0.390 21 2
4.70 2.770 1.680 1.000 1.430 0.250 1.77 0.350 21 3
12.20 2.870 1.810 1.480 1.350 0.640 1.65 0.190 21 4
4.20 2.810 1.850 1.170 1.100 0.010 1.80 0.510 21 3
4.20 2.810 1.140 0.710 1.090 0.030 0.98 0.400 21 3
4.00 2.970 1.840 0.800 1.040 0.070 1.65 0.510 21 3
6.00 2.400 1.860 1.220 1.300 0.410 1.62 0.350 21 2
6.60 1.520 1.000 0.540 0.490 0.210 0.77 0.340 20 1
5.90 1.220 0.760 0.570 0.450 0.270 0.61 0.150 21 1
14.30 3.300 1.800 1.650 0.560 0.800 1.62 0.220 20 4
5.40 2.100 1.200 0.980 0.920 0.660 0.99 0.340 22 2
5.80 1.250 0.800 0.350 0.420 0.290 0.64 0.200 20 1
15.50 3.800 2.030 1.740 0.650 0.620 0.93 0.160 22 4
7.00 2.400 1.900 1.000 1.100 0.720 1.12 0.320 21 2
7.00 2.380 1.700 1.000 1.100 0.520 0.90 0.360 21 2
6.60 2.000 1.430 1.510 0.800 0.290 0.87 0.380 22 2
6.40 1.280 0.740 0.560 0.300 0.120 0.49 0.180 21 1
4.50 3.670 2.350 1.100 0.840 0.510 1.47 0.530 21 3
6.10 1.220 0.800 0.320 0.390 0.280 0.57 0.250 22 1
9.00 2.000 1.900 1.300 1.050 0.780 1.20 0.390 22 2
4.20 3.020 1.950 0.830 0.300 0.030 1.15 0.450 21 3
5.20 1.200 0.650 0.440 0.500 0.320 0.53 0.300 22 1
5.70 1.030 0.510 0.390 0.240 0.350 0.45 0.250 22 1
7.90 2.300 1.260 1.000 0.920 0.340 1.20 0.140 20 2
5.30 1.300 0.780 0.530 0.480 0.280 0.56 0.250 21 1
4.50 2.400 1.600 0.730 0.550 0.070 0.29 0.320 22 3
4.90 2.860 1.200 0.830 0.840 0.040 0.79 0.340 22 3
6.00 1.440 0.860 0.670 0.430 0.310 0.72 0.320 22 1
14.80 3.600 1.010 1.770 0.700 0.600 1.56 0.290 21 4
5.30 1.220 0.550 0.510 0.340 0.320 0.56 0.250 21 1
6.60 1.440 0.910 0.300 0.370 0.290 0.45 0.230 21 1
14.80 2.600 2.150 1.530 0.530 0.500 1.86 0.150 21 4
7.60 2.350 1.630 1.230 1.030 0.230 0.86 0.310 21 2
7.50 2.200 1.440 0.840 1.100 0.260 1.30 0.340 21 2
5.10 2.840 1.200 0.720 0.790 0.080 0.84 0.530 21 3
6.90 2.210 1.200 1.660 0.980 0.510 0.87 0.420 21 2
4.20 2.400 1.620 1.080 0.770 0.020 1.20 0.400 21 3
4.30 2.330 1.600 0.440 1.280 0.250 1.00 0.480 21 3
4.50 2.930 0.920 0.800 0.940 0.060 0.71 0.540 22 3
5.20 1.250 0.700 0.610 0.550 0.440 0.57 0.090 22 1
7.60 2.200 1.100 1.090 0.700 0.230 1.10 0.330 21 2
4.60 2.600 1.600 0.880 0.670 0.140 1.36 0.430 22 3
10.50 3.530 2.060 1.680 0.690 0.630 1.73 0.280 22 4
5.10 1.300 0.730 0.480 0.600 0.270 0.45 0.200 21 1
14.50 3.560 1.830 1.760 0.810 0.600 0.70 0.230 21 4
5.30 1.480 0.622 0.511 0.474 0.263 0.74 0.370 37 1
15.30 3.590 2.002 1.859 1.187 0.415 1.22 0.151 34 4
5.00 1.500 0.952 0.435 0.435 0.350 0.15 0.287 32 1
14.40 3.540 1.900 1.510 0.500 0.412 0.90 0.200 20 4
6.50 1.200 0.900 0.500 0.430 0.330 0.68 0.290 29 1
6.50 2.270 1.330 1.120 1.050 0.790 1.40 0.310 32 2
14.60 2.300 1.770 1.530 1.230 0.620 1.77 0.150 34 4
6.70 1.340 0.630 0.500 0.340 0.200 0.30 0.280 33 1
14.20 2.900 2.780 1.380 1.470 0.290 1.83 0.300 27 4
5.10 1.270 0.630 0.410 0.460 0.310 0.50 0.220 26 1
10.90 3.120 2.170 0.810 0.900 0.620 1.30 0.300 31 4
8.80 2.020 1.200 0.860 0.870 0.360 1.03 0.310 23 2
5.00 1.700 1.050 0.730 0.600 0.030 1.15 0.130 33 3
4.70 1.830 1.360 0.770 1.070 0.020 1.04 0.140 17 3
6.70 1.670 1.160 1.750 0.830 0.750 0.93 0.390 42 2
15.00 3.500 1.070 1.610 0.720 0.700 1.79 0.160 34 4
10.50 3.330 2.470 0.560 0.840 0.580 1.20 0.221 27 4
4.70 2.000 1.220 0.790 0.840 0.240 1.21 0.160 22 3
14.50 3.500 1.990 1.670 0.550 0.720 0.88 0.160 22 4
4.60 1.610 1.010 0.670 0.630 0.050 0.99 0.270 22 3
4.70 2.880 1.130 1.200 0.840 0.120 1.20 0.480 22 3
5.00 3.220 1.400 0.800 1.130 0.040 1.11 0.490 22 3
6.10 1.700 1.300 0.850 0.700 0.720 1.07 0.380 22 2
4.60 3.020 1.400 0.610 0.760 0.200 1.40 0.250 22 3
14.50 2.900 2.430 1.890 1.040 0.380 0.79 0.180 22 4
4.70 1.880 1.200 0.560 0.750 0.070 1.00 0.350 22 3
14.70 3.460 1.920 1.200 0.660 0.640 1.62 0.200 21 4
